# 相関マトリクス

分析期間: 過去5年（2026-01-16時点）

## 相関係数

```
         ほんだし  クックドゥ   味の素  丸鶏がらスープ  香味ペースト  コンソメ  ピュアセレクト  アジシオ
ほんだし     1.00  -0.11 -0.03     0.14   -0.15  0.38    -0.01  0.02
クックドゥ   -0.11   1.00  0.26     0.11    0.04  0.05     0.08  0.08
味の素     -0.03   0.26  1.00     0.20   -0.17  0.06     0.09  0.35
丸鶏がらスープ  0.14   0.11  0.20     1.00   -0.04  0.26     0.14  0.19
香味ペースト  -0.15   0.04 -0.17    -0.04    1.00  0.12    -0.06 -0.14
コンソメ     0.38   0.05  0.06     0.26    0.12  1.00     0.04  0.08
ピュアセレクト -0.01   0.08  0.09     0.14   -0.06  0.04     1.00  0.12
アジシオ     0.02   0.08  0.35     0.19   -0.14  0.08     0.12  1.00
```

## 有意な相関（|r| > 0.5）


## カニバリ候補（r < 0）

- **クックドゥ × ほんだし**: r = -0.11
- **味の素 × ほんだし**: r = -0.03
- **香味ペースト × ほんだし**: r = -0.15
- **ピュアセレクト × ほんだし**: r = -0.01
- **ほんだし × クックドゥ**: r = -0.11
- **ほんだし × 味の素**: r = -0.03
- **香味ペースト × 味の素**: r = -0.17
- **香味ペースト × 丸鶏がらスープ**: r = -0.04
- **ほんだし × 香味ペースト**: r = -0.15
- **味の素 × 香味ペースト**: r = -0.17
- **丸鶏がらスープ × 香味ペースト**: r = -0.04
- **ピュアセレクト × 香味ペースト**: r = -0.06
- **アジシオ × 香味ペースト**: r = -0.14
- **ほんだし × ピュアセレクト**: r = -0.01
- **香味ペースト × ピュアセレクト**: r = -0.06
- **香味ペースト × アジシオ**: r = -0.14